Array is sorted!
0 
0 1 5 5 9 9 9 10 11 11 
11 12 12 15 15 15 15 16 16 17 
18 18 19 19 20 20 21 21 23 24 
25 27 28 28 29 33 33 33 34 35 
35 39 40 41 42 43 44 45 45 48 
49 50 50 52 52 52 53 55 56 56 
56 58 61 62 63 64 65 66 66 66 
67 68 68 69 70 72 72 73 73 74 
74 76 78 78 78 79 80 81 81 82 
82 82 82 82 85 85 85 87 87 88 
89 90 91 91 91 93 94 95 97 102 
103 107 107 108 108 109 110 110 111 111 
111 111 113 114 114 115 116 116 116 117 
117 117 118 120 121 121 122 126 128 129 
129 129 131 131 133 134 135 137 139 139 
140 142 143 143 145 145 148 148 148 148 
149 150 151 152 153 153 153 156 158 159 
161 161 161 163 165 167 167 168 168 169 
169 171 173 174 176 176 176 176 177 179 
181 181 181 184 185 187 188 188 189 190 
190 191 191 191 191 192 192 192 194 194 
194 195 198 199 199 200 201 202 202 204 
206 208 210 210 211 212 212 212 215 216 
218 219 220 220 223 224 224 224 226 227 
228 229 229 231 232 233 233 233 235 235 
235 237 238 238 238 239 240 241 243 243 
247 247 247 248 248 249 250 250 251 251 
252 253 255 256 256 258 258 258 258 262 
262 263 263 264 266 267 267 268 268 271 
271 272 272 273 273 274 274 274 275 276 
276 276 277 277 277 280 281 282 284 285 
285 286 289 289 290 291 291 292 292 294 
296 296 296 297 297 297 298 298 298 298 
298 299 301 303 304 306 308 308 309 309 
309 310 311 311 312 313 314 314 315 317 
318 319 319 321 321 322 325 325 325 325 
326 326 326 328 329 329 331 332 332 334 
334 335 338 338 339 339 340 341 341 342 
344 344 344 346 346 346 347 348 349 349 
350 350 350 351 354 355 358 362 364 364 
366 366 366 367 368 369 369 369 370 375 
376 377 377 378 379 385 390 393 393 394 
397 398 399 400 402 406 407 407 407 407 
409 410 412 412 412 413 413 413 415 418 
418 418 418 419 420 421 422 426 426 428 
429 429 429 430 430 431 432 432 433 434 
435 436 437 438 439 441 443 447 447 448 
448 448 449 450 450 450 451 451 452 454 
456 457 459 461 461 461 462 462 463 464 
464 465 466 466 468 469 470 471 472 472 
472 472 475 481 483 483 484 485 487 489 
490 491 492 495 495 496 497 503 505 506 
506 506 507 508 510 511 514 515 516 516 
516 516 517 519 520 521 523 525 525 526 
527 529 530 530 530 531 532 533 534 535 
536 537 538 538 538 539 542 544 545 545 
545 547 549 549 549 550 551 551 551 552 
552 552 554 554 555 556 557 559 560 561 
562 568 568 568 568 570 570 572 573 573 
575 576 577 580 582 582 584 585 588 591 
591 593 594 595 596 596 597 598 599 599 
600 601 602 602 602 602 602 603 604 606 
607 607 608 608 609 611 613 615 615 616 
619 620 620 620 621 622 622 627 627 629 
629 632 632 632 633 635 635 635 636 636 
636 639 639 639 640 642 645 645 648 649 
649 650 650 651 652 652 653 653 659 664 
664 665 666 666 666 666 667 669 671 671 
671 672 673 675 675 675 677 677 678 678 
679 679 681 682 683 684 684 686 687 687 
688 689 689 689 689 690 691 691 691 691 
694 694 695 696 696 697 698 701 701 703 
705 705 707 713 714 715 716 717 717 718 
718 718 719 721 725 725 725 725 726 726 
727 728 728 728 729 730 730 731 731 732 
732 732 733 735 738 738 739 739 740 740 
740 743 743 744 747 747 747 748 748 748 
748 749 749 750 750 750 757 757 759 759 
759 760 761 761 763 766 767 767 768 769 
769 769 770 771 773 774 775 775 776 778 
779 780 781 781 782 784 786 786 787 787 
787 789 790 790 793 795 795 797 797 800 
805 806 806 806 806 807 809 809 810 811 
811 811 813 815 816 817 817 818 818 819 
819 819 819 821 821 823 823 825 827 827 
828 829 829 830 830 831 831 834 835 836 
837 837 839 839 842 842 843 843 847 849 
849 849 851 851 851 851 852 854 854 855 
855 856 856 857 858 860 860 861 864 864 
864 864 865 865 866 868 871 872 872 873 
874 875 876 876 878 878 880 880 881 881 
882 882 884 885 885 887 889 889 890 891 
893 893 893 893 894 894 895 896 898 900 
901 901 902 905 905 907 908 909 912 912 
912 913 913 915 916 916 918 919 920 922 
923 924 924 925 925 925 926 930 930 933 
933 936 936 936 939 941 944 944 944 947 
948 948 948 949 949 950 950 951 951 952 
952 955 956 957 960 960 962 963 965 966 
968 968 969 969 970 971 972 975 976 977 
978 979 981 981 983 983 984 986 986 987 
987 988 988 988 991 991 991 992 995 996 
996 997 998 
Time taken: 0.253759
Data init time: 0.000029
Barrier time: 0.110260
Comm small time: 0.000029
Comm large time: 0.000037
Comp small time: 0.000007
Comp large time: 0.001438
Correctness time: 0.000215
JOBID        NAME                 USER                     PARTITION              NODES  CPUS  STATE        TIME         TIME_LEFT    START_TIME         REASON                   NODELIST
9176892      JobName              sriabhi01                short                  1      1     RUNNING      0:07         29:53        2023-11-10T01:00:1 None                     c360
